0000000001110001000100100010010001000111000000000
0000000001010001000100100010000001000111000000000
0000000001010001010100100000010001010111000000000
0000000001110001000100100010010001000111000000000
0001000001110001000100101010000001000111100000000
1000000001110001000100100011010001000101000000000
0000000001110001010101100010010001000110000000000
0000000001110001000100100010010001000111000000000
0000000000110001000100100010010001000100000000000
0000000001010001000100101010010101000101000000000
0000000011111001000100100010010001001111100000000
0000000011111001000100100010010001001000100000000
0000000011111001000100100010010001001111100000000
0000000010111001000100100010010000000111100000000
0001100011001001000100001010010001001111100000000
0000100011011001000100100010010001001100001100000
0000000011111101000100000010010001101111100000000
0000000001111001000100111110010001001110100000000
0000000011111001000100100010010001001111100000000
0000000011111000000100000000000001001110100000000
0000000000100000101000100010100000111111000000000
0000000000100000101000100010100000111111110000000
0000000000100010101000000010100000111110110000000
0000000000000000101000100010100000011111110000000
0000000000100000101110100010100000111111110001100
0000000000100000101000100010100000111111110000000
0000000000100000101000101010100100111111010000000
0000000000100000101000100010100000111111110000000
0000000000100000111000100010110000111100010000000
0000000000000000101000100010100000100011110000000